1000 3000
556 487
692 396
324 396
896 801
903 296
896 717
640 786
718 396
918 640
130 640
396 888
376 144
267 497
116 896
67 249
986 896
388 396
396 228
899 870
285 497
195 248
807 396
896 373
547 896
562 896
544 396
955 640
522 896
396 230
748 497
13 593
896 287
640 380
626 896
857 396
505 961
396 641
961 772
497 394
383 503
407 396
896 895
896 553
154 640
805 111
896 707
897 896
160 908
377 348
896 336
328 896
433 961
330 396
735 640
497 429
640 543
936 743
323 729
640 508
81 497
891 896
675 896
727 640
748 961
396 720
259 982
896 518
867 396
813 396
95 396
896 862
472 896
640 268
896 624
271 396
396 550
527 396
52 640
396 154
549 896
952 896
803 597
961 887
237 9
390 640
367 896
843 271
512 497
449 896
21 396
262 396
632 645
497 334
869 412
800 387
896 704
522 568
906 237
639 591
352 975
563 772
396 777
86 896
896 319
396 190
803 396
896 702
961 191
396 981
695 800
560 896
493 896
396 746
504 896
285 148
843 640
902 313
558 401
853 576
906 896
314 396
385 411
640 468
673 396
667 640
961 812
203 951
546 237
373 469
396 30
119 800
503 396
400 811
396 255
755 640
396 384
719 396
497 105
396 945
189 896
243 250
625 961
351 640
896 56
920 803
640 620
396 16
896 314
898 362
786 961
497 236
683 179
318 800
574 961
842 929
744 497
640 186
396 669
640 111
422 640
61 858
14 640
961 335
630 640
808 656
507 191
948 101
905 509
452 757
396 85
640 481
98 640
396 878
896 579
74 396
870 497
762 370
396 86
555 208
39 961
866 429
988 519
896 69
103 497
541 497
955 961
396 289
789 476
996 289
167 178
129 116
641 896
640 46
870 640
497 502
698 977
896 155
896 387
896 111
437 896
459 141
39 497
396 40
168 396
791 896
482 889
800 888
396 652
959 741
497 435
538 396
396 563
896 256
65 337
961 846
310 793
497 585
895 396
646 750
212 84
396 17
961 524
396 534
396 18
97 119
640 273
640 563
396 511
342 396
169 405
544 120
640 476
385 640
772 396
389 396
800 786
231 358
490 470
896 587
396 924
239 497
614 640
896 578
480 500
510 835
396 932
396 728
219 396
781 896
110 640
396 488
513 99
292 538
731 396
640 56
896 868
497 724
396 284
885 791
809 10
21 505
204 753
311 896
247 237
402 489
313 237
947 734
919 896
640 184
920 640
396 708
961 247
859 784
92 908
896 814
269 872
396 296
575 896
204 640
896 147
896 144
936 265
194 755
104 396
430 394
211 237
356 396
173 45
774 896
396 500
630 467
343 396
440 896
940 396
698 396
516 309
233 120
973 497
961 646
437 908
259 640
81 308
80 640
743 471
616 640
640 924
640 3
199 396
649 345
120 896
636 640
497 366
115 758
279 497
804 154
858 458
961 307
796 940
961 367
675 692
396 453
432 896
136 849
640 295
582 925
813 992
396 827
396 525
896 283
101 497
461 337
201 985
511 715
396 301
640 338
173 961
396 779
896 76
939 111
173 396
119 757
390 335
171 396
883 774
827 497
619 497
800 684
123 642
693 857
126 306
396 908
896 573
424 896
177 800
640 408
672 424
159 896
984 961
964 226
396 510
306 469
396 623
672 372
985 168
237 179
896 326
465 102
246 640
396 846
899 229
640 823
396 761
640 261
877 892
396 950
896 857
656 481
158 640
788 112
932 46
365 896
640 446
95 561
497 664
396 765
896 710
178 640
112 896
640 328
640 577
257 332
331 156
896 108
896 535
497 304
896 89
264 255
396 678
777 896
396 250
640 323
497 226
993 900
253 640
587 961
634 396
802 396
497 352
396 41
686 396
896 52
579 385
396 121
346 350
896 981
63 896
236 396
394 457
204 396
210 569
497 269
396 917
854 413
675 908
234 237
765 497
516 396
435 396
915 53
882 538
640 227
396 305
497 456
396 451
295 896
812 896
875 396
896 775
487 396
408 896
396 844
419 497
861 396
896 275
800 156
278 647
396 769
606 396
956 484
574 396
180 830
369 564
683 640
169 904
743 88
984 51
896 787
396 983
938 896
404 535
163 979
820 643
483 396
313 3
601 396
260 398
475 640
613 862
998 96
885 896
577 182
668 879
329 695
640 626
896 639
859 640
151 396
722 455
416 523
9 794
896 914
396 565
78 466
640 993
961 973
901 327
349 961
904 908
713 396
640 256
617 968
497 533
396 278
874 640
152 497
396 739
700 648
615 921
640 248
813 705
640 377
8 640
941 396
715 396
896 102
527 961
655 572
417 577
178 396
585 122
396 513
328 981
396 839
396 72
69 183
396 450
396 422
840 640
896 101
166 850
278 240
472 223
227 681
836 497
675 571
396 153
134 453
896 398
961 485
752 727
75 4
686 800
739 942
640 551
375 819
80 299
953 896
961 406
656 396
95 640
175 396
961 455
142 328
287 961
966 282
858 640
497 413
396 749
346 396
38 640
396 111
10 583
800 15
735 815
896 478
640 147
896 428
873 896
17 896
228 193
853 645
640 608
175 896
640 517
550 595
317 824
487 497
107 896
873 143
768 896
443 199
396 999
387 961
285 396
795 440
889 396
496 453
773 351
874 30
339 640
357 156
916 497
497 250
497 706
324 509
396 711
239 56
165 396
38 264
396 390
305 425
396 980
339 546
49 896
214 462
991 497
420 314
626 131
843 896
114 660
544 497
344 640
961 262
27 24
887 640
344 267
255 640
776 497
254 291
138 396
640 282
750 396
349 640
396 960
175 310
263 396
896 734
396 567
573 396
396 665
889 896
516 545
396 584
423 896
752 396
640 535
31 640
197 896
640 376
291 640
270 881
772 501
566 965
560 796
199 808
948 601
583 896
640 277
157 273
219 367
961 216
234 640
207 587
328 396
497 648
195 961
814 154
896 832
907 68
297 528
396 452
388 886
574 950
137 315
454 896
693 640
640 807
127 108
396 64
497 480
314 497
396 100
497 854
607 896
961 497
640 391
497 558
968 961
128 908
556 896
848 869
237 60
640 30
68 380
576 32
186 617
640 631
771 38
628 139
290 396
738 97
546 961
792 961
161 661
351 396
896 121
82 890
521 640
933 35
256 673
318 896
138 896
812 16
896 358
40 497
908 754
284 751
628 800
212 664
934 466
904 640
297 396
640 368
507 896
531 396
743 107
259 896
529 49
873 181
335 640
544 640
640 47
55 785
863 405
896 670
46 402
896 881
640 401
396 460
823 396
105 961
153 415
544 896
896 807
18 896
192 896
371 59
896 249
814 497
497 242
961 644
396 959
515 640
298 396
264 640
606 640
888 164
497 840
396 707
6 704
640 998
702 273
896 487
150 801
788 396
445 716
396 323
395 396
961 33
961 663
984 767
896 552
584 497
587 611
10 640
497 149
396 423
663 653
830 640
396 848
482 584
396 261
310 896
692 896
179 396
533 396
497 572
145 856
754 497
17 704
84 961
709 242
785 430
43 396
961 729
961 396
777 640
460 621
988 896
640 799
640 29
609 435
901 275
826 640
462 43
641 908
477 327
838 983
642 896
329 396
141 924
396 767
546 412
227 896
942 640
695 896
492 844
860 896
327 396
982 896
109 396
640 983
462 396
396 911
368 118
30 1000
396 322
529 495
985 640
497 975
515 896
40 719
896 516
994 644
396 463
961 700
640 71
773 497
969 396
640 645
896 659
961 867
640 387
33 237
340 33
118 640
396 159
2 89
908 954
396 225
290 834
687 237
597 961
236 56
782 48
961 777
640 487
547 37
301 732
131 359
600 896
808 908
396 796
303 651
161 896
445 961
896 199
68 497
896 425
388 640
903 450
821 800
793 640
926 936
816 396
834 497
781 916
599 320
410 396
510 57
696 187
615 896
896 492
896 284
504 610
856 640
237 858
249 396
497 652
259 976
396 935
896 219
251 396
976 640
896 561
688 898
900 640
497 851
805 961
164 800
797 909
224 448
91 396
396 899
640 718
396 723
479 491
359 396
896 40
372 497
759 497
672 896
570 908
666 353
193 961
768 800
825 479
740 396
660 497
375 357
878 922
196 605
445 896
60 970
208 640
640 794
743 56
833 911
554 252
349 845
852 604
909 396
150 640
935 896
479 396
617 396
642 471
387 864
740 338
497 249
396 476
881 62
896 465
712 116
678 961
224 396
519 995
640 666
828 497
685 465
242 640
496 47
748 232
561 961
602 73
504 640
140 497
396 775
230 640
673 896
396 855
497 348
912 588
640 712
640 846
896 341
583 437
333 444
622 640
503 640
606 276
961 755
418 807
896 185
896 918
34 800
640 166
343 96
44 136
396 845
494 640
443 640
151 961
376 396
854 396
401 211
273 396
645 896
344 356
896 948
640 780
991 987
369 640
396 649
964 615
439 640
860 198
640 219
851 396
357 396
652 638
746 324
640 529
396 99
509 961
396 383
109 237
433 743
640 892
607 601
640 863
896 619
961 522
917 447
975 26
947 896
283 153
696 896
908 653
125 640
592 640
497 994
119 396
539 418
236 640
954 896
194 274
908 25
151 921
925 961
921 640
961 182
930 393
396 52
896 59
896 267
640 221
98 396
738 427
640 641
271 908
20 896
634 230
721 149
495 396
433 887
896 971
497 24
896 865
701 497
562 137
396 843
640 621
971 698
868 534
321 396
896 616
627 396
396 478
945 252
640 194
125 274
867 896
906 497
115 896
618 132
497 218
169 896
815 832
233 358
266 237
946 76
896 222
160 896
383 729
896 586
957 398
178 961
208 674
928 396
508 396
870 500
467 396
79 396
396 374
46 896
613 66
497 75
756 206
383 896
961 258
474 896
39 693
554 640
557 765
396 369
896 433
244 423
26 281
497 749
896 44
81 640
344 396
653 329
54 340
894 243
791 816
516 800
896 84
710 185
497 628
833 396
915 396
251 705
550 896
896 164
464 158
640 880
640 459
497 947
896 597
725 640
744 594
854 663
961 974
295 524
991 800
231 631
75 8
200 124
705 396
12 237
382 961
396 704
640 421
962 473
640 623
456 804
963 128
640 916
721 640
778 396
896 92
547 400
640 695
739 640
896 97
677 417
359 896
633 896
4 896
497 650
668 596
639 640
497 798
956 946
143 390
896 638
743 540
497 327
396 919
396 37
955 431
534 896
896 491
189 1
191 651
730 525
643 896
901 640
688 570
640 611
715 640
237 728
629 121
336 81
864 223
393 640
497 321
223 396
322 272
541 238
896 232
446 816
640 96
961 63
497 563
800 575
646 706
256 396
396 743
156 896
497 146
396 996
497 251
241 908
90 973
562 396
218 730
396 628
50 533
396 882
985 896
497 131
874 483
50 896
977 841
978 262
976 800
411 270
6 676
747 896
497 646
215 172
549 161
396 892
346 896
13 896
974 598
305 896
127 640
659 17
896 598
896 682
567 883
999 497
896 686
425 331
396 42
396 507
908 787
584 640
110 192
789 896
640 205
396 569
548 427
290 497
807 486
896 255
397 77
771 896
553 843
182 851
419 160
56 497
19 896
551 66
396 903
683 396
580 449
244 312
396 345
218 247
837 896
770 640
756 396
802 779
300 480
961 361
481 627
182 896
765 205
396 982
961 878
319 897
960 961
820 147
258 981
896 93
209 396
896 542
821 640
575 640
293 810
679 7
580 640
159 181
497 407
939 396
200 497
876 660
896 226
800 734
640 966
896 510
347 896
1 396
223 896
961 828
640 564
62 517
671 640
396 441
380 23
396 166
609 743
278 896
353 497
277 862
242 972
604 396
497 824
497 181
640 677
896 270
396 653
640 51
297 365
497 84
450 896
548 982
931 288
669 79
396 597
519 896
708 890
800 672
640 85
607 961
929 961
778 572
376 90
640 687
896 74
638 63
599 640
683 497
945 742
396 454
965 396
239 552
595 640
961 271
350 640
866 961
177 896
396 62
896 585
665 986
795 640
894 896
400 961
811 640
800 742
165 880
5 177
497 489
78 810
904 237
896 57
997 396
64 908
632 396
548 896
396 793
961 457
491 830
851 640
403 737
396 730
896 446
463 434
471 961
497 325
984 640
708 636
640 435
396 29
13 396
541 640
361 783
497 157
713 409
852 961
896 698
619 287
964 896
897 540
74 692
896 494
760 895
139 896
512 644
29 979
399 502
294 234
396 610
575 396
202 138
592 571
627 987
393 679
887 396
896 526
312 743
437 640
46 396
396 546
731 847
394 896
640 140
398 961
656 896
674 896
363 58
889 640
396 852
896 8
640 726
896 64
145 396
640 16
2 666
497 303
617 896
498 193
886 396
209 749
896 296
70 497
354 697
396 681
742 789
159 70
532 970
456 937
867 629
896 188
800 449
493 342
110 961
876 386
224 896
875 436
461 396
42 678
139 783
972 497
640 27
497 12
396 12
683 697
961 461
91 990
93 396
918 379
896 234
497 948
406 543
573 989
720 860
896 815
15 325
475 745
896 989
497 822
597 836
544 800
543 896
50 640
896 45
559 961
967 396
640 495
642 640
283 381
794 151
766 396
814 34
204 973
950 896
396 985
48 378
499 896
506 423
742 396
197 13
536 396
326 690
884 171
896 975
446 396
180 640
700 170
896 117
94 497
896 247
350 377
396 237
723 578
896 589
422 764
687 581
89 648
809 896
184 497
674 834
396 363
728 414
662 396
640 155
497 909
798 396
912 961
628 145
105 452
976 763
98 256
891 209
141 896
944 438
312 497
115 640
396 646
497 60
308 641
789 640
696 972
966 933
488 896
94 174
784 768
671 396
640 403
908 609
554 424
530 507
865 396
435 207
497 873
396 361
931 36
776 896
640 485
949 396
235 775
497 924
395 497
359 800
896 422
940 640
316 298
396 566
327 640
654 896
157 237
267 961
33 896
86 497
802 460
130 396
508 267
652 754
237 831
396 737
800 635
396 45
189 665
280 967
497 99
497 912
528 961
896 7
658 817
877 928
357 183
396 193
266 926
396 331
908 490
396 760
88 896
334 855
770 396
396 927
566 115
896 848
396 741
65 396
124 396
625 640
241 795
961 495
522 396
126 3
613 640
612 467
640 49
951 961
684 631
797 176
537 278
640 491
52 497
954 396
240 997
896 502
228 206
396 537
640 232
209 640
658 396
511 896
396 973
925 800
432 86
517 396
640 619
364 33
429 396
774 769
57 722
896 410
497 627
817 640
667 839
640 190
38 237
640 170
810 396
396 465
896 327
595 464
549 205
384 616
304 396
91 535
474 838
497 399
396 337
934 397
307 12
896 687
315 478
396 549
853 497
127 497
82 640
138 790
122 829
76 640
78 396
106 969
443 19
962 146
896 225
396 470
497 770
896 942
593 497
396 243
594 640
200 396
497 371
47 896
222 396
905 640
296 497
896 78
187 396
896 302
396 795
614 823
396 303
999 799
542 497
184 764
497 189
740 416
305 448
396 194
767 790
534 961
658 497
896 514
733 396
678 837
906 640
227 497
28 27
763 532
396 23
896 647
497 401
125 635
741 149
520 968
288 640
896 608
190 776
268 497
53 640
961 28
836 657
711 619
826 485
410 367
374 754
676 800
61 896
640 119
896 438
141 497
484 586
647 353
908 527
551 717
435 896
125 396
347 396
961 654
908 689
213 155
245 961
325 896
640 279
112 396
686 746
514 180
618 896
341 351
593 640
123 622
841 559
420 497
743 477
896 213
640 939
526 396
896 277
627 961
497 867
152 896
392 643
253 839
511 906
286 291
186 497
640 728
720 961
896 150
188 41
127 219
965 65
640 228
684 939
229 236
792 103
658 425
396 862
961 469
396 149
396 48
235 521
71 497
896 708
498 497
263 958
152 961
142 103
392 1
396 386
513 711
637 558
907 366
43 640
501 396
961 843
821 616
396 73
497 574
599 396
519 237
396 136
685 18
420 896
896 888
100 961
77 650
640 114
396 192
264 896
824 961
640 15
602 896
156 622
591 640
640 894
396 25
336 396
740 640
160 868
117 432
896 820
677 497
497 931
237 640
497 614
731 896
950 105
345 896
802 896
497 482
747 887
707 113
497 692
16 215
211 640
961 395
837 128
691 497
162 983
342 319
396 239
896 915
640 989
743 795
558 396
110 396
896 279
622 719
499 923
396 131
705 640
541 302
396 235
961 662
84 750
896 300
396 701
113 396
396 67
565 79
363 241
396 254
477 640
896 483
694 896
896 927
568 413
701 458
497 340
209 896
729 896
896 426
694 22
497 547
640 644
640 511
260 896
896 819
528 640
896 434
640 284
733 640
566 896
623 961
599 415
831 288
673 640
94 528
218 896
531 266
77 396
640 991
640 571
632 501
896 823
579 339
544 769
640 411
114 269
389 470
961 212
396 872
765 896
396 294
605 961
396 620
92 257
640 669
447 640
640 576
896 916
640 176
267 640
333 861
536 184
497 837
640 522
14 896
82 896
640 479
147 961
396 645
20 124
506 811
222 63
553 856
54 474
462 640
921 961
355 957
896 978
396 201
640 197
216 438
817 879
52 633
949 187
422 497
309 396
396 20
159 640
188 640
813 961
681 670
609 245
395 896
396 629
402 896
237 98
221 396
396 829
395 724
160 640
214 809
157 640
961 789
133 918
449 396
798 444
497 427
945 896
743 675
407 745
164 396
724 640
152 760
657 396
438 640
360 420
145 640
352 396
640 510
396 847
477 896
174 330
640 820
455 930
450 408
309 287
661 43
483 542
559 396
565 866
640 290
589 800
640 216
822 896
420 396
586 396
526 335
775 185
696 396
11 224
22 201
794 396
908 657
41 896
809 640
812 410
863 395
961 782
640 425
856 896
961 214
396 341
896 720
748 896
536 624
300 716
745 396
902 997
682 457
640 659
251 823
69 51
98 540
527 709
216 713
396 952
166 312
992 83
640 936
246 396
176 158
396 991
349 857
640 213
684 896
7 396
396 163
990 320
604 497
396 147
262 967
961 290
570 896
640 827
396 377
640 553
906 505
279 805
489 321
19 322
896 784
714 961
396 481
495 896
381 896
447 623
604 718
81 396
316 640
744 947
518 955
768 640
908 557
990 640
701 53
396 485
335 396
896 482
743 489
728 943
195 640
503 896
656 640
396 50
842 588
338 222
804 396
589 596
167 777
671 92
472 396
156 144
896 592
896 273
569 497
590 896
396 602
216 896
409 640
677 908
640 151
442 498
155 758
961 194
296 391
484 640
896 531
664 562
492 421
396 680
640 507
898 640
104 237
896 883
896 110
896 250
396 519
961 222
486 850
716 896
404 913
497 350
849 276
307 896
787 346
534 872
432 640
908 761
984 896
517 699
237 226
640 954
800 103
896 878
302 52
499 840
953 265
530 494
896 805
773 382
497 130
640 112
253 504
396 820
938 626
540 396
902 497
593 403
354 514
920 512
896 364
913 941
157 396
878 671
801 440
396 439
51 896
961 996
640 501
396 247
110 245
497 618
721 396
961 231
965 497
640 199
556 909
197 451
640 347
791 961
896 187
896 140
93 717
640 57
640 45
896 320
59 640
454 680
303 640
896 714
31 896
640 257
178 162
347 855
165 497
640 330
755 896
478 210
896 760
896 887
896 212
8 961
18 780
661 961
778 355
71 370
86 321
302 640
896 532
800 240
826 396
961 434
753 640
494 978
640 934
571 396
468 734
292 396
493 396
323 732
39 618
640 470
896 790
365 396
672 396
192 217
694 396
396 89
471 894
969 258
237 311
961 18
644 396
396 464
456 896
233 896
9 497
25 896
896 627
625 900
185 497
497 599
676 908
396 300
800 293
497 897
780 448
76 261
185 396
744 896
6 896
707 14
732 896
225 578
640 426
442 896
961 23
332 953
497 967
677 954
130 388
463 497
893 21
459 61
902 640
129 896
396 907
581 502
663 640
870 896
156 448
896 85
596 497
336 186
396 944
518 667
896 39
403 396
130 925
524 640
396 759
640 72
564 896
756 896
982 640
896 701
756 1000
487 974
170 497
393 396
38 396
556 396
768 917
640 324
805 396
935 659
396 948
477 268
593 396
976 896
477 396
912 190
17 237
396 83
396 624
497 821
31 463
640 366
756 497
539 641
497 855
396 789
396 594
396 445
741 497
428 396
396 473
118 800
465 204
914 826
280 396
396 437
896 342
640 970
298 368
104 515
147 230
830 896
396 245
428 391
640 68
759 364
226 372
383 497
499 396
80 113
640 427
34 640
896 983
896 738
269 396
396 226
69 961
536 896
175 170
396 240
81 896
101 533
311 888
640 628
896 87
419 896
520 15
792 884
964 640
896 963
133 908
640 294
563 277
183 896
860 640
7 944
880 654
699 963
630 958
362 396
896 565
733 202
601 640
896 567
944 896
15 396
198 497
32 640
129 409
80 396
640 174
211 526
416 896
421 497
497 825
753 781
271 624
779 961
93 200
242 396
896 157
896 340
896 406
493 99
213 911
412 896
529 896
961 358
326 347
396 800
396 853
936 396
557 525
457 396
396 838
803 961
564 396
555 396
246 605
396 873
988 436
640 37
469 640
359 87
396 238
497 794
838 640
640 808
688 961
279 118
237 673
497 750
238 896
861 24
745 640
221 292
689 800
497 453
791 396
961 806
396 689
64 14
497 937
4 497
28 396
246 937
640 171
203 249
64 140
520 396
237 686
495 198
451 640
559 640
896 109
396 279
931 640
568 396
396 561
28 896
100 633
396 572
896 863
222 237
896 631
429 20
608 712
304 575
892 799
387 396
561 960
179 640
896 733
736 441
237 548
301 11
251 156
779 640
396 218
396 469
497 676
762 366
8 381
610 786
993 743
818 924
524 723
951 497
60 135
72 961
34 650
751 374
311 998
112 787
743 261
247 117
374 640
827 612
916 828
676 640
543 497
23 806
411 497
423 497
156 845
961 515
476 255
116 396
876 640
896 740
396 938
896 872
600 895
396 438
66 961
396 134
679 640
956 640
743 279
156 654
497 561
185 640
160 396
450 961
726 786
896 119
109 365
651 396
829 910
793 497
896 849
285 996
726 770
896 691
140 150
896 905
623 896
497 97
297 497
907 640
416 396
626 396
58 280
575 497
398 396
85 348
934 896
896 407
392 961
155 396
330 582
182 396
434 721
691 580
36 488
800 900
640 948
961 604
687 396
497 743
957 640
856 961
591 497
896 622
360 396
634 896
435 908
585 594
288 497
364 743
307 635
640 402
396 979
923 172
489 896
846 451
901 396
667 896
527 640
607 640
411 396
643 396
786 896
396 176
940 564
634 640
195 303
497 49
730 896
490 70
396 998
671 497
525 896
282 396
690 72
961 24
408 294
896 73
600 32
209 961
640 417
896 651
749 662
396 177
196 396
396 931
961 264
908 640
640 332
882 290
961 837
839 896
293 454
289 550
497 623
387 74
127 961
497 567
497 662
532 640
497 305
317 896
733 389
961 611
654 396
964 237
193 497
132 885
396 229
640 878
780 896
905 724
951 261
640 562
691 961
497 109
750 896
936 961
896 26
747 875
497 276
396 776
360 217
515 611
396 990
212 640
24 640
186 396
102 889
896 68
552 910
737 275
780 396
682 396
850 896
640 814
396 773
396 456
260 472
762 497
31 915
655 639
252 331
961 896
848 640
735 859
770 896
379 88
961 549
896 650
922 640
396 768
396 156
855 896
396 808
724 396
590 396
396 870
171 914
396 648
896 825
766 993
640 719
959 954
426 851
896 154
583 396
55 220
640 2
668 396
485 891
143 896
531 986
896 563
254 828
253 396
640 48
220 896
896 243
306 396
437 268
758 896
179 835
162 640
396 144
396 397
166 896
164 759
640 775
31 497
640 699
121 640
686 134
908 272
571 896
896 917
88 941
396 283
382 640
694 886
966 896
343 607
640 737
521 896
582 396
428 932
282 743
662 727
508 614
118 743
111 497
640 99
75 396
33 640
640 287
896 297
361 488
497 640
41 144
497 869
759 640
345 250
396 523
603 928
509 896
407 825
581 640
995 640
107 138
325 691
871 952
396 930
703 806
415 896
127 743
827 49
896 5
220 586
784 497
186 896
735 237
896 746
356 927
927 104
770 620
793 896
715 386
409 896
663 896
848 135
25 543
623 163
569 71
896 371
563 800
640 802
575 589
598 59
866 396
336 497
840 896
396 270
896 286
640 888
885 396
396 691
980 196
234 148
396 524
396 637
238 755
640 193
669 497
764 896
396 831
281 422
896 404
573 591
486 896
824 555
9 748
106 168
100 473
497 425
497 160
776 173
822 317
800 75
83 224
458 497
603 396
881 497
206 396
606 426
971 188
654 640
165 865
592 396
396 277
935 399
991 446
608 396
396 471
82 542
640 355
396 4
47 710
961 802
497 527
340 640
360 896
310 961
73 621
896 921
551 961
798 995
831 441
370 640
913 640
961 383
693 237
95 676
396 863
797 640
640 994
37 766
232 592
331 107
819 657
865 989
953 396
75 640
986 640
457 497
396 161
337 896
352 373
396 405
396 2
685 743
607 396
640 852
396 809
896 118
29 497
640 538
306 896
893 961
943 620
896 810
497 708
949 625
527 503
800 711
202 961
8 396
85 177
669 248
396 505
896 276
952 636
896 841
295 152
654 567
514 396
640 12
595 497
396 32
876 896
396 955
284 522
640 882
524 896
108 980
406 545
255 497
47 396
896 973
640 345
703 718
640 231
442 867
497 442
317 640
961 608
640 949
961 40
316 871
203 396
282 818
896 718
869 640
396 402
896 886
811 896
421 286
409 497
448 237
896 24
680 369
896 91
608 449
72 844
122 896
933 640
581 396
225 378
972 640
497 738
690 640
896 258
783 396
896 877
590 714
396 585
847 896
227 29
961 620
782 720
4 40
352 640
396 576
660 396
497 752
852 318
25 574
396 382
961 61
396 475
377 896
752 896
640 153
908 543
736 570
12 439
961 456
961 275
896 577
146 640
908 540
396 754
640 64
725 431
461 942
187 640
497 878
706 845
136 640
497 33
497 686
396 579
102 640
20 961
396 232
938 299
896 967
396 609
396 150
896 933
640 536
396 659
237 240
637 777
439 922
687 821
896 640
695 960
102 670
488 640
334 157
237 83
673 384
771 822
742 896
840 50
752 304
133 832
779 929
88 497
977 640
5 396
992 896
961 189
306 961
459 896
396 308
239 800
237 591
419 87
682 919
743 237
102 396
739 521
640 7
584 999
690 896
640 864
41 800
731 846
603 896
263 997
371 382
71 396
445 5
396 957
500 497
896 176
833 67
896 569
640 765
396 784
414 433
42 847
896 749
45 465
713 640
200 640
685 396
396 413
603 590
788 362
640 483
602 649
492 396
896 922
904 714
341 44
604 640
318 475
396 370
798 896
725 121
432 396
355 396
896 722
28 634
497 709
237 497
675 800
762 396
560 272
961 242
677 396
209 497
308 896
497 734
640 742
896 936
146 793
537 994
581 896
559 314
396 319
640 950
221 35
468 702
642 396
893 919
818 908
497 848
961 198
726 896
523 109
619 396
576 896
497 634
396 963
